set I := 1 2 3 4 5 6 7 8 9 10 11 12;
set J := 1 2;

param demand : 1        2        :=
1 10000    50000
2 10000    50000
3 10000    150000
4 10000    150000
5 30000    150000
6 30000    150000
7 30000    150000
8 30000    150000
9 30000    150000
10 100000   50000
11 100000   50000
12 100000   50000
;

param cost : 1    2      :=
1 5    8.5
2 5    8.5
3 5    8.5
4 5    8.5
5 5    8.5
6 5    8.5
7 4.5  7
8 4.5  7
9 4.5  7
10 4.5  7
11 4.5  7
12 4.5  7
;

param prodlimit :=
1 120000
2 120000
3 120000
4 120000
5 120000
6 120000
7 120000
8 120000
9 120000
10 150000
11 150000
12 150000
;

param storage := 1 2  2 4;

param storlimit := 150000;
param storagecost := 0.2;
